  0   20   0.05  0.95  0.50  0.60  500
 30   50   0.50  0.5   0.10  0.90  100
 41   60   0.50  0.5   0.10  0.90  100
 61   80   0.50  0.5   0.10  0.90  100
 81  100   0.50  0.5   0.10  0.90  100
101  120   0.50  0.5   0.10  0.90  100
121  140   0.50  0.5   0.10  0.90  100
141  160   0.75  0.46  0.75  0.15  100
161  180   0.75  0.46  0.75  0.15  100
181  200   0.75  0.46  0.75  0.15  100
201  220   0.75  0.46  0.75  0.15  100
221  240   0.1   0.40  0.10  0.10 100
241  260   0.1   0.37  0.10  0.13 100
261  280   0.1   0.34  0.10  0.16 100
281  300   0.1   0.31  0.10  0.19 100
301  320   0.1   0.28  0.10  0.22 100
321  340   0.1   0.25  0.10  0.25 100
341  360   0.1   0.22  0.10  0.28 100
361  380   0.1   0.19  0.10  0.31 100
381  400   0.1   0.16  0.10  0.34 100
401  420   0.1   0.13  0.10  0.37 100
421  440   0.1   0.10  0.10  0.40 100
441  460   0.1   0.13  0.10  0.37 100
461  480   0.1   0.16  0.10  0.34 100
481  500   0.1   0.19  0.10  0.31 100
501  520   0.1   0.22  0.10  0.28 100
521  540   0.1   0.25  0.10  0.25 100
541  560   0.1   0.28  0.10  0.22 100
561  580   0.1   0.31  0.10  0.19 100
581  600   0.1   0.34  0.10  0.16 100
601  620   0.1   0.37  0.10  0.13 100
621  640   0.1   0.40  0.10  0.10 100
641 1000   0     0     0     0      0